               1                              314
               2                              314
               3                              314
               4                              314
               5                              310
               6                              314
               7                              314
               8                              314
               9                              310
              10                              310
              11                              314
              12                              314
              13                              310
              14                              310
              15                              310
              16                              314
              17                              314
              18                              314
              19                              314
              20                              314
              21                              310
              22                              314
              23                              314
              24                              314
              25                              310
              26                              310
              27                              314
              28                              314
              29                              310
              30                              310
              31                              310
              32                              314
              33                              314
              34                              314
              35                              314
              36                              314
              37                              310
              38                              314
              39                              314
              40                              314
              41                              310
              42                              310
              43                              314
              44                              314
              45                              310
              46                              310
              47                              310
              48                              314
              49                              314
              50                              314
              51                              314
              52                              314
              53                              310
              54                              314
              55                              314
              56                              314
              57                              310
              58                              310
              59                              314
              60                              314
              61                              310
              62                              310
              63                              310
              64                              314
              65                              314
              66                              314
              67                              314
              68                              314
              69                              310
              70                              314
              71                              314
              72                              314
              73                              310
              74                              310
              75                              314
              76                              314
              77                              310
              78                              310
              79                              310
              80                              314
              81                              314
              82                              314
              83                              314
              84                              314
              85                              310
              86                              314
              87                              314
              88                              314
              89                              310
              90                              310
              91                              314
              92                              314
              93                              310
              94                              310
              95                              310
              96                              314
              97                              314
              98                              314
              99                              314
             100                              314
             101                              310
             102                              314
             103                              314
             104                              314
             105                              310
             106                              310
             107                              314
             108                              314
             109                              310
             110                              310
             111                              310
             112                              314
             113                              314
             114                              314
             115                              314
             116                              314
             117                              310
             118                              314
             119                              314
             120                              314
             121                              310
             122                              310
             123                              314
             124                              314
             125                              310
             126                              310
             127                              310
             128                              314
             129                              314
             130                              314
             131                              314
             132                              314
             133                              310
             134                              314
             135                              314
             136                              314
             137                              310
             138                              310
             139                              314
             140                              314
             141                              310
             142                              310
             143                              310
             144                              314
             145                              314
             146                              314
             147                              314
             148                              314
             149                              310
             150                              314
             151                              314
             152                              314
             153                              310
             154                              310
             155                              314
             156                              314
             157                              310
             158                              310
             159                              310
             160                              314
