               0               1
               9               1
              10               1
              13               1
              14               1
              15               1
              21               1
              25               1
              26               1
              29               1
              30               1
              31               1
              37               1
              41               1
              42               1
              45               1
              46               1
              47               1
              53               1
              57               1
              58               1
              61               1
              62               1
              63               1
              69               1
              73               1
              74               1
              77               1
              78               1
              79               1
              85               1
              89               1
              90               1
              93               1
              94               1
              95               1
             101               1
             105               1
             106               1
             109               1
             110               1
             111               1
             117               1
             121               1
             122               1
             125               1
             126               1
             127               1
             133               1
             137               1
             138               1
             141               1
             142               1
             143               1
             149               1
             153               1
             154               1
             157               1
             158               1
             159               1
