               1             1.5030039481882639E+09             1.5030039481882639E+09             9.9999999999999995E-07
               2             1.5030039481902490E+09             1.5030039481902490E+09             9.9999999999999995E-07
               3             1.5030039481903369E+09             1.5030039481903369E+09             9.9999999999999995E-07
               4             1.5030039481903861E+09             1.5030039481903861E+09             9.9999999999999995E-07
               5             1.5030039481904299E+09             1.5030039481904299E+09             9.9999999999999995E-07
               6             1.5030039481904740E+09             1.5030039481904740E+09             9.9999999999999995E-07
               7             1.5030039481905179E+09             1.5030039481905179E+09             9.9999999999999995E-07
               8             1.5030039481905611E+09             1.5030039481905611E+09             9.9999999999999995E-07
               9             1.5030039481906049E+09             1.5030039481906049E+09             9.9999999999999995E-07
              10             1.5030039481906509E+09             1.5030039481906509E+09             9.9999999999999995E-07
              11             1.5030039481906979E+09             1.5030039481906979E+09             9.9999999999999995E-07
              12             1.5030039481907420E+09             1.5030039481907430E+09             9.9999999999999995E-07
              13             1.5030039481907849E+09             1.5030039481907849E+09             9.9999999999999995E-07
              14             1.5030039481908300E+09             1.5030039481908300E+09             9.9999999999999995E-07
              15             1.5030039481908729E+09             1.5030039481908729E+09             9.9999999999999995E-07
              16             1.5030039481909180E+09             1.5030039481909180E+09             9.9999999999999995E-07
              17             1.5030039481913500E+09             1.5030039481913500E+09             9.9999999999999995E-07
              18             1.5030039481914120E+09             1.5030039481914120E+09             9.9999999999999995E-07
              19             1.5030039481914589E+09             1.5030039481914589E+09             9.9999999999999995E-07
              20             1.5030039481915040E+09             1.5030039481915050E+09             9.9999999999999995E-07
              21             1.5030039481915510E+09             1.5030039481915510E+09             9.9999999999999995E-07
              22             1.5030039481915979E+09             1.5030039481915979E+09             9.9999999999999995E-07
              23             1.5030039481916471E+09             1.5030039481916471E+09             9.9999999999999995E-07
              24             1.5030039481916921E+09             1.5030039481916921E+09             9.9999999999999995E-07
              25             1.5030039481917360E+09             1.5030039481917360E+09             9.9999999999999995E-07
              26             1.5030039481917789E+09             1.5030039481917789E+09             9.9999999999999995E-07
              27             1.5030039481918230E+09             1.5030039481918230E+09             9.9999999999999995E-07
              28             1.5030039481918681E+09             1.5030039481918690E+09             9.9999999999999995E-07
              29             1.5030039481919129E+09             1.5030039481919129E+09             9.9999999999999995E-07
              30             1.5030039481919570E+09             1.5030039481919570E+09             9.9999999999999995E-07
              31             1.5030039481919999E+09             1.5030039481919999E+09             9.9999999999999995E-07
              32             1.5030039481920440E+09             1.5030039481920440E+09             9.9999999999999995E-07
              33             1.5030039481920941E+09             1.5030039481920941E+09             9.9999999999999995E-07
              34             1.5030039481932590E+09             1.5030039481932590E+09             9.9999999999999995E-07
              35             1.5030039481933150E+09             1.5030039481933150E+09             9.9999999999999995E-07
              36             1.5030039481933601E+09             1.5030039481933610E+09             9.9999999999999995E-07
              37             1.5030039481934040E+09             1.5030039481934040E+09             9.9999999999999995E-07
              38             1.5030039481934509E+09             1.5030039481934509E+09             9.9999999999999995E-07
              39             1.5030039481934969E+09             1.5030039481934969E+09             9.9999999999999995E-07
              40             1.5030039481935420E+09             1.5030039481935420E+09             9.9999999999999995E-07
              41             1.5030039481935849E+09             1.5030039481935861E+09             9.9999999999999995E-07
              42             1.5030039481936300E+09             1.5030039481936300E+09             9.9999999999999995E-07
              43             1.5030039481936729E+09             1.5030039481936729E+09             9.9999999999999995E-07
              44             1.5030039481937160E+09             1.5030039481937170E+09             9.9999999999999995E-07
              45             1.5030039481937990E+09             1.5030039481937990E+09             9.9999999999999995E-07
              46             1.5030039481938469E+09             1.5030039481938469E+09             9.9999999999999995E-07
              47             1.5030039481938910E+09             1.5030039481938920E+09             9.9999999999999995E-07
              48             1.5030039481939349E+09             1.5030039481939349E+09             9.9999999999999995E-07
              49             1.5030039481939850E+09             1.5030039481939850E+09             9.9999999999999995E-07
              50             1.5030039481940320E+09             1.5030039481940320E+09             9.9999999999999995E-07
              51             1.5030039481940770E+09             1.5030039481940770E+09             9.9999999999999995E-07
              52             1.5030039481941199E+09             1.5030039481941199E+09             9.9999999999999995E-07
              53             1.5030039481941650E+09             1.5030039481941650E+09             9.9999999999999995E-07
              54             1.5030039481942079E+09             1.5030039481942079E+09             9.9999999999999995E-07
              55             1.5030039481942511E+09             1.5030039481942511E+09             9.9999999999999995E-07
              56             1.5030039481942990E+09             1.5030039481942990E+09             9.9999999999999995E-07
              57             1.5030039481943419E+09             1.5030039481943419E+09             9.9999999999999995E-07
              58             1.5030039481943851E+09             1.5030039481943851E+09             9.9999999999999995E-07
              59             1.5030039481944280E+09             1.5030039481944280E+09             9.9999999999999995E-07
              60             1.5030039481944709E+09             1.5030039481944709E+09             9.9999999999999995E-07
              61             1.5030039481945140E+09             1.5030039481945140E+09             9.9999999999999995E-07
              62             1.5030039481945570E+09             1.5030039481945570E+09             9.9999999999999995E-07
              63             1.5030039481946001E+09             1.5030039481946001E+09             9.9999999999999995E-07
              64             1.5030039481946430E+09             1.5030039481946430E+09             9.9999999999999995E-07
              65             1.5030039481946919E+09             1.5030039481946919E+09             9.9999999999999995E-07
              66             1.5030039481947391E+09             1.5030039481947391E+09             9.9999999999999995E-07
              67             1.5030039481947839E+09             1.5030039481947839E+09             9.9999999999999995E-07
              68             1.5030039481948280E+09             1.5030039481948280E+09             9.9999999999999995E-07
              69             1.5030039481948719E+09             1.5030039481948719E+09             9.9999999999999995E-07
              70             1.5030039481949170E+09             1.5030039481949170E+09             9.9999999999999995E-07
              71             1.5030039481949601E+09             1.5030039481949601E+09             9.9999999999999995E-07
              72             1.5030039481950021E+09             1.5030039481950021E+09             9.9999999999999995E-07
              73             1.5030039481950440E+09             1.5030039481950440E+09             9.9999999999999995E-07
              74             1.5030039481950870E+09             1.5030039481950870E+09             9.9999999999999995E-07
              75             1.5030039481951301E+09             1.5030039481951301E+09             9.9999999999999995E-07
              76             1.5030039481951721E+09             1.5030039481951721E+09             9.9999999999999995E-07
              77             1.5030039481952150E+09             1.5030039481952150E+09             9.9999999999999995E-07
              78             1.5030039481952610E+09             1.5030039481952620E+09             9.9999999999999995E-07
              79             1.5030039481953051E+09             1.5030039481953061E+09             9.9999999999999995E-07
              80             1.5030039481953480E+09             1.5030039481953480E+09             9.9999999999999995E-07
              81             1.5030039481953950E+09             1.5030039481953959E+09             9.9999999999999995E-07
              82             1.5030039481954420E+09             1.5030039481954420E+09             9.9999999999999995E-07
              83             1.5030039481954851E+09             1.5030039481954851E+09             9.9999999999999995E-07
              84             1.5030039481955271E+09             1.5030039481955271E+09             9.9999999999999995E-07
              85             1.5030039481955700E+09             1.5030039481955700E+09             9.9999999999999995E-07
              86             1.5030039481956129E+09             1.5030039481956129E+09             9.9999999999999995E-07
              87             1.5030039481956551E+09             1.5030039481956551E+09             9.9999999999999995E-07
              88             1.5030039481956980E+09             1.5030039481956980E+09             9.9999999999999995E-07
              89             1.5030039481957409E+09             1.5030039481957409E+09             9.9999999999999995E-07
              90             1.5030039481957829E+09             1.5030039481957829E+09             9.9999999999999995E-07
              91             1.5030039481958251E+09             1.5030039481958251E+09             9.9999999999999995E-07
              92             1.5030039481958671E+09             1.5030039481958680E+09             9.9999999999999995E-07
              93             1.5030039481959090E+09             1.5030039481959090E+09             9.9999999999999995E-07
              94             1.5030039481959510E+09             1.5030039481959510E+09             9.9999999999999995E-07
              95             1.5030039481959929E+09             1.5030039481959929E+09             9.9999999999999995E-07
              96             1.5030039481960349E+09             1.5030039481960349E+09             9.9999999999999995E-07
              97             1.5030039481960840E+09             1.5030039481960840E+09             9.9999999999999995E-07
              98             1.5030039481961291E+09             1.5030039481961291E+09             9.9999999999999995E-07
              99             1.5030039481961720E+09             1.5030039481961720E+09             9.9999999999999995E-07
             100             1.5030039481962149E+09             1.5030039481962149E+09             9.9999999999999995E-07
             101             1.5030039481962609E+09             1.5030039481962609E+09             9.9999999999999995E-07
             102             1.5030039481963069E+09             1.5030039481963069E+09             9.9999999999999995E-07
             103             1.5030039481963511E+09             1.5030039481963511E+09             9.9999999999999995E-07
             104             1.5030039481963940E+09             1.5030039481963940E+09             9.9999999999999995E-07
             105             1.5030039481964381E+09             1.5030039481964381E+09             9.9999999999999995E-07
             106             1.5030039481964800E+09             1.5030039481964800E+09             9.9999999999999995E-07
             107             1.5030039481965230E+09             1.5030039481965230E+09             9.9999999999999995E-07
             108             1.5030039481965649E+09             1.5030039481965661E+09             9.9999999999999995E-07
             109             1.5030039481966090E+09             1.5030039481966100E+09             9.9999999999999995E-07
             110             1.5030039481966510E+09             1.5030039481966510E+09             9.9999999999999995E-07
             111             1.5030039481966939E+09             1.5030039481966939E+09             9.9999999999999995E-07
             112             1.5030039481967361E+09             1.5030039481967361E+09             9.9999999999999995E-07
             113             1.5030039481967850E+09             1.5030039481967859E+09             9.9999999999999995E-07
             114             1.5030039481968310E+09             1.5030039481968310E+09             9.9999999999999995E-07
             115             1.5030039481968751E+09             1.5030039481968751E+09             9.9999999999999995E-07
             116             1.5030039481969171E+09             1.5030039481969171E+09             9.9999999999999995E-07
             117             1.5030039481969590E+09             1.5030039481969590E+09             9.9999999999999995E-07
             118             1.5030039481970010E+09             1.5030039481970010E+09             9.9999999999999995E-07
             119             1.5030039481970429E+09             1.5030039481970439E+09             9.9999999999999995E-07
             120             1.5030039481970861E+09             1.5030039481970861E+09             9.9999999999999995E-07
             121             1.5030039481971281E+09             1.5030039481971281E+09             9.9999999999999995E-07
             122             1.5030039481971710E+09             1.5030039481971710E+09             9.9999999999999995E-07
             123             1.5030039481972129E+09             1.5030039481972139E+09             9.9999999999999995E-07
             124             1.5030039481972589E+09             1.5030039481972599E+09             9.9999999999999995E-07
             125             1.5030039481973040E+09             1.5030039481973040E+09             9.9999999999999995E-07
             126             1.5030039481973460E+09             1.5030039481973460E+09             9.9999999999999995E-07
             127             1.5030039481973889E+09             1.5030039481973889E+09             9.9999999999999995E-07
             128             1.5030039481974311E+09             1.5030039481974311E+09             9.9999999999999995E-07
             129             1.5030039481974800E+09             1.5030039481974800E+09             9.9999999999999995E-07
             130             1.5030039481975260E+09             1.5030039481975260E+09             9.9999999999999995E-07
             131             1.5030039481975820E+09             1.5030039481975830E+09             9.9999999999999995E-07
             132             1.5030039481976280E+09             1.5030039481976290E+09             9.9999999999999995E-07
             133             1.5030039481976709E+09             1.5030039481976709E+09             9.9999999999999995E-07
             134             1.5030039481977129E+09             1.5030039481977129E+09             9.9999999999999995E-07
             135             1.5030039481977539E+09             1.5030039481977539E+09             9.9999999999999995E-07
             136             1.5030039481978080E+09             1.5030039481978080E+09             9.9999999999999995E-07
             137             1.5030039481978531E+09             1.5030039481978540E+09             9.9999999999999995E-07
             138             1.5030039481978970E+09             1.5030039481978970E+09             9.9999999999999995E-07
             139             1.5030039481979389E+09             1.5030039481979389E+09             9.9999999999999995E-07
             140             1.5030039481979821E+09             1.5030039481979821E+09             9.9999999999999995E-07
             141             1.5030039481980259E+09             1.5030039481980259E+09             9.9999999999999995E-07
             142             1.5030039481980679E+09             1.5030039481980679E+09             9.9999999999999995E-07
             143             1.5030039481981111E+09             1.5030039481981111E+09             9.9999999999999995E-07
             144             1.5030039481981530E+09             1.5030039481981540E+09             9.9999999999999995E-07
             145             1.5030039481982019E+09             1.5030039481982019E+09             9.9999999999999995E-07
             146             1.5030039481982470E+09             1.5030039481982479E+09             9.9999999999999995E-07
             147             1.5030039481982970E+09             1.5030039481982970E+09             9.9999999999999995E-07
             148             1.5030039481983399E+09             1.5030039481983399E+09             9.9999999999999995E-07
             149             1.5030039481983819E+09             1.5030039481983819E+09             9.9999999999999995E-07
             150             1.5030039481984241E+09             1.5030039481984241E+09             9.9999999999999995E-07
             151             1.5030039481984670E+09             1.5030039481984670E+09             9.9999999999999995E-07
             152             1.5030039481985130E+09             1.5030039481985130E+09             9.9999999999999995E-07
             153             1.5030039481985650E+09             1.5030039481985650E+09             9.9999999999999995E-07
             154             1.5030039481986079E+09             1.5030039481986079E+09             9.9999999999999995E-07
             155             1.5030039481986499E+09             1.5030039481986499E+09             9.9999999999999995E-07
             156             1.5030039481986930E+09             1.5030039481986930E+09             9.9999999999999995E-07
             157             1.5030039481987350E+09             1.5030039481987350E+09             9.9999999999999995E-07
             158             1.5030039481987889E+09             1.5030039481987889E+09             9.9999999999999995E-07
             159             1.5030039481988330E+09             1.5030039481988330E+09             9.9999999999999995E-07
             160             1.5030039481988750E+09             1.5030039481988750E+09             9.9999999999999995E-07
